248
-2.0 -1.0 -1.0 -1.0 -1.0 -1.0 -1.0 -1.0 -1.0 -1.0 -1.0 -1.0 -1.0 -1.0 -1.0 -1.0 -1.0 -1.0 -1.0 -1.0 -1.0 -1.0 -1.0 -1.0 -1.0 -1.0 -1.0 -1.0 -1.0 -1.0 -1.0 -1.0 -1.0 -1.0 -1.0 -1.0 -1.0 -1.0 -1.0 -1.0 -1.0 -1.0 -1.0 -1.0 -1.0 -1.0 -1.0 -1.0 -1.0 -1.0 -1.0 -1.0 -1.0 -1.0 -1.0 -1.0 -1.0 -1.0 -1.0 -1.0 -1.0 -1.0 -1.0 -1.0 -1.0 -1.0 -1.0 -1.0 -1.0 -1.0 -1.0 -1.0 -1.0 -1.0 -1.0 -1.0 -1.0 -1.0 -1.0 -1.0 -1.0 -1.0 -1.0 -1.0 -1.0 -1.0 -1.0 -1.0 -1.0 -1.0 -1.0 -1.0 -1.0 -1.0 -1.0 -1.0 -1.0 -1.0 -1.0 -1.0 -1.0 -1.0 -1.0 -1.0 -1.0 -1.0 -1.0 -1.0 -1.0 -1.0 -1.0 -1.0 -1.0 -1.0 -1.0 -1.0 -1.0 -1.0 -1.0 -1.0 -1.0 -1.0 -1.0 -1.0 -1.0 -1.0 -1.0 -1.0 -1.0 -1.0 -1.0 -1.0 -1.0 -1.0 -1.0 -1.0 -1.0 -1.0 -1.0 -1.0 -1.0 -1.0 -1.0 -1.0 -1.0 -1.0 -1.0 -1.0 -1.0 -1.0 -1.0 -1.0 -1.0 -1.0 -1.0 -1.0 -1.0 -1.0 -1.0 -1.0 -1.0 -1.0 -1.0 -1.0 -1.0 -1.0 -1.0 -1.0 -1.0 -1.0 -1.0 -1.0 -1.0 -1.0 -1.0 -1.0 -1.0 -1.0 -1.0 -1.0 -1.0 -1.0 -1.0 -1.0 -1.0 -1.0 -1.0 -1.0 -1.0 -1.0 -1.0 -1.0 -1.0 -1.0 -1.0 -1.0 -1.0 -1.0 -1.0 -1.0 -1.0 -1.0 -1.0 -1.0 -1.0 -1.0 -1.0 -1.0 -1.0 -1.0 -1.0 -1.0 -1.0 -1.0 -1.0 -1.0 -1.0 -1.0 -1.0 -1.0 -1.0 -1.0 -1.0 -1.0 -1.0 -1.0 -1.0 -1.0 -1.0 -1.0 -1.0 -1.0 -1.0 -1.0 -1.0 -1.0 -1.0 -1.0 -1.0 -1.0 -1.0 -1.0 -1.0 -1.0 -1.0 -1.0 -1.0 -1.0 
-1.0 -2.0 -1.0 -1.0 -1.0 -1.0 -1.0 -1.0 -1.0 -1.0 -1.0 -1.0 -1.0 -1.0 -1.0 -1.0 -1.0 -1.0 -1.0 -1.0 -1.0 -1.0 -1.0 -1.0 -1.0 -1.0 -1.0 -1.0 -1.0 -1.0 -1.0 -1.0 -1.0 -1.0 -1.0 -1.0 -1.0 -1.0 -1.0 -1.0 -1.0 -1.0 -1.0 -1.0 -1.0 -1.0 -1.0 -1.0 -1.0 -1.0 -1.0 -1.0 -1.0 -1.0 -1.0 -1.0 -1.0 -1.0 -1.0 -1.0 -1.0 -1.0 -1.0 -1.0 -1.0 -1.0 -1.0 -1.0 -1.0 -1.0 -1.0 -1.0 -1.0 -1.0 -1.0 -1.0 -1.0 -1.0 -1.0 -1.0 -1.0 -1.0 -1.0 -1.0 -1.0 -1.0 -1.0 -1.0 -1.0 -1.0 -1.0 -1.0 -1.0 -1.0 -1.0 -1.0 -1.0 -1.0 -1.0 -1.0 -1.0 -1.0 -1.0 -1.0 -1.0 -1.0 -1.0 -1.0 -1.0 -1.0 -1.0 -1.0 -1.0 -1.0 -1.0 -1.0 -1.0 -1.0 -1.0 -1.0 -1.0 -1.0 -1.0 -1.0 -1.0 -1.0 -1.0 -1.0 -1.0 -1.0 -1.0 -1.0 -1.0 -1.0 -1.0 -1.0 -1.0 -1.0 -1.0 -1.0 -1.0 -1.0 -1.0 -1.0 -1.0 -1.0 -1.0 -1.0 -1.0 -1.0 -1.0 -1.0 -1.0 -1.0 -1.0 -1.0 -1.0 -1.0 -1.0 -1.0 -1.0 -1.0 -1.0 -1.0 -1.0 -1.0 -1.0 -1.0 -1.0 -1.0 -1.0 -1.0 -1.0 -1.0 -1.0 -1.0 -1.0 -1.0 -1.0 -1.0 -1.0 -1.0 -1.0 -1.0 -1.0 -1.0 -1.0 -1.0 -1.0 -1.0 -1.0 -1.0 -1.0 -1.0 -1.0 -1.0 -1.0 -1.0 -1.0 -1.0 -1.0 -1.0 -1.0 -1.0 -1.0 -1.0 -1.0 -1.0 -1.0 -1.0 -1.0 -1.0 -1.0 -1.0 -1.0 -1.0 -1.0 -1.0 -1.0 -1.0 -1.0 -1.0 -1.0 -1.0 -1.0 -1.0 -1.0 -1.0 -1.0 -1.0 -1.0 -1.0 -1.0 -1.0 -1.0 -1.0 -1.0 -1.0 -1.0 -1.0 -1.0 -1.0 -1.0 -1.0 -1.0 -1.0 -1.0 -1.0 
-1.0 -1.0 -2.0 -1.0 -1.0 -1.0 -1.0 -1.0 -1.0 -1.0 -1.0 -1.0 -1.0 -1.0 -1.0 -1.0 -1.0 -1.0 -1.0 -1.0 -1.0 -1.0 -1.0 -1.0 -1.0 -1.0 -1.0 -1.0 -1.0 -1.0 -1.0 -1.0 -1.0 -1.0 -1.0 -1.0 -1.0 -1.0 -1.0 -1.0 -1.0 -1.0 -1.0 -1.0 -1.0 -1.0 -1.0 -1.0 -1.0 -1.0 -1.0 -1.0 -1.0 -1.0 -1.0 -1.0 -1.0 -1.0 -1.0 -1.0 -1.0 -1.0 -1.0 -1.0 -1.0 -1.0 -1.0 -1.0 -1.0 -1.0 -1.0 -1.0 -1.0 -1.0 -1.0 -1.0 -1.0 -1.0 -1.0 -1.0 -1.0 -1.0 -1.0 -1.0 -1.0 -1.0 -1.0 -1.0 -1.0 -1.0 -1.0 -1.0 -1.0 -1.0 -1.0 -1.0 -1.0 -1.0 -1.0 -1.0 -1.0 -1.0 -1.0 -1.0 -1.0 -1.0 -1.0 -1.0 -1.0 -1.0 -1.0 -1.0 -1.0 -1.0 -1.0 -1.0 -1.0 -1.0 -1.0 -1.0 -1.0 -1.0 -1.0 -1.0 -1.0 -1.0 -1.0 -1.0 -1.0 -1.0 -1.0 -1.0 -1.0 -1.0 -1.0 -1.0 -1.0 -1.0 -1.0 -1.0 -1.0 -1.0 -1.0 -1.0 -1.0 -1.0 -1.0 -1.0 -1.0 -1.0 -1.0 -1.0 -1.0 -1.0 -1.0 -1.0 -1.0 -1.0 -1.0 -1.0 -1.0 -1.0 -1.0 -1.0 -1.0 -1.0 -1.0 -1.0 -1.0 -1.0 -1.0 -1.0 -1.0 -1.0 -1.0 -1.0 -1.0 -1.0 -1.0 -1.0 -1.0 -1.0 -1.0 -1.0 -1.0 -1.0 -1.0 -1.0 -1.0 -1.0 -1.0 -1.0 -1.0 -1.0 -1.0 -1.0 -1.0 -1.0 -1.0 -1.0 -1.0 -1.0 -1.0 -1.0 -1.0 -1.0 -1.0 -1.0 -1.0 -1.0 -1.0 -1.0 -1.0 -1.0 -1.0 -1.0 -1.0 -1.0 -1.0 -1.0 -1.0 -1.0 -1.0 -1.0 -1.0 -1.0 -1.0 -1.0 -1.0 -1.0 -1.0 -1.0 -1.0 -1.0 -1.0 -1.0 -1.0 -1.0 -1.0 -1.0 -1.0 -1.0 -1.0 -1.0 -1.0 -1.0 -1.0 -1.0 
-1.0 -1.0 -1.0 -2.0 0.023076366179304218 0.012458420112455905 0.018072894841774264 0.010446748860646027 0.02619307596322169 0.0371945076212185 0.05114928024002182 0.0386210439637318 0.015577444071349904 0.02151416613300631 0.03626689345385304 0.049457428106424964 0.017488626481183732 0.03294993109964462 0.019166032568851483 0.11352298733024849 0.08451710722804928 0.01093703765745227 0.04093797267410198 0.012270564470166107 0.045822512679299834 0.015132125294692876 0.015396212616714785 0.024939119187274508 0.059742765122529365 0.01998145836432083 0.052083026692040166 0.05703220048358353 0.05015498252874561 0.03026501607451809 0.002967087779871432 0.006211177853598397 0.0064378974869621205 0.0695234771166271 0.041777983358597164 0.032616048746017326 0.01689440364168115 0.06204065821932808 0.007251475891625169 0.004890619848309944 0.013533009267813817 0.0 0.009302564998180798 0.05310571369629649 0.11059319678333884 0.0032938209803280256 0.02112383561480678 0.0065895077335521475 0.08031088900460912 0.021912266654344953 0.0 0.010928221094763768 0.0 0.009625592900099084 0.01289556737595147 0.02454702150540681 0.09132983478051387 0.05479878500902768 0.09612880651234548 0.07981559480011508 0.022222092703949124 0.07851827688844316 0.04142813220042245 0.03509861164650098 0.13943414519291006 0.010475969569564913 0.007162024626096525 0.007730178972272525 0.0 0.04101634384009149 0.0 0.03629352807702333 0.034976851780248314 0.007664531960372489 0.007915434926029264 0.005623125799791208 0.11633565645688662 0.018056473603299237 0.007327058286363093 0.0669591116114344 0.0 0.06253764956873668 0.011241264666840459 0.0 0.004989839654327043 0.0135257225747749 0.09521589783815294 0.028084182496274368 0.011412922520700903 0.061250811089016706 0.01993951319021719 0.0046083850902525455 0.015420708614414958 0.03637007768746582 0.019634840215124093 0.0 0.0 0.012089469504726733 0.017236264609452472 0.020429089170909312 0.0 0.0 0.0 0.0 0.06165091987640379 0.00489488920398029 0.005188113408691424 0.0 0.14883106259459572 0.17292307237622995 0.015265026442778152 0.03975826475283557 0.1706453913397824 0.05232177446280186 0.04964009808735269 0.0913774099486906 0.0 0.0 0.0 0.04550342884270434 0.06206329171056737 0.0658112434493865 0.03269217257565585 0.0566478432884978 0.06170316064823979 0.05867902986496856 0.11161935634384863 0.06345383701182673 0.07616890415375066 0.10293728376457437 0.09640290664400654 0.046415804093694155 0.021118599361867767 0.01126446285569546 0.043924480776521634 0.014751713424507082 0.13831177596961633 0.04461932394311532 0.0704611612924685 0.1546696567142521 0.0 0.006285698877684641 0.08135672566989133 0.19116189930292518 0.09878709772871895 0.006135175250165054 0.037600647509808 0.0 0.0 0.006955583856275734 0.0021552211004330895 0.0 0.008000906839552378 0.00829962159136338 0.0 0.0 0.0 0.0 0.004326811026806629 0.0 0.0 0.0 0.0 0.0 0.008625651640797883 0.0 0.0 0.006828972626059895 0.0 0.0 0.0 0.004675861028817836 0.01853387688507166 0.0 0.005885560081196114 0.0 0.0 0.009805464068158952 0.06423042008573861 0.0 0.07554010625941066 0.013811895685090109 0.014623075407810698 0.032741671306257256 0.013399516419588689 0.1213794522059054 0.052319848554268154 0.04377270973911096 0.0 0.18369353193570673 0.036974446326938824 0.22290917538502383 0.0 0.0 0.025417827915833004 0.03907599834455312 0.04086641443234692 0.0 0.0 0.01201283158830398 0.054676731166139386 0.01588030809707883 0.07863204573020857 0.010021281665873138 0.02317845226767579 0.0032476010370558915 0.011957819459945715 0.0 0.0 0.04549081875163899 0.016968922374693832 0.055067338849964356 0.006207239054446638 0.08593422998147403 0.0 0.029676481661279362 0.006147874337284641 0.13947457633838853 0.2348283728200823 0.0 0.30173511217272125 0.21422736277684318 0.27828077310846344 0.04554295128289501 0.04164037831393052 0.06424061730601759 0.006452573622597192 0.07105056243844594 0.051067346378596806 0.0993656639918464 0.017907012781053604 0.0 0.0 0.034337147529723305 0.043075727174945254 0.02720025752705728 0.041691889941007976 0.04787525353573033 0.33549528553141256 0.17362144551793318 0.0 0.0 -1.0 -1.0 
-1.0 -1.0 -1.0 0.023076366179304218 -2.0 0.35596067766612954 0.4032066944360458 0.2984834168600194 0.20926961692251472 0.42209296482750597 0.5047507272148318 0.5693339031431734 0.4450771043111722 0.49318789646287675 0.5577302152947745 0.6919767461789512 0.52200904943796 0.5745164809966741 0.5476098798882617 0.4822170677720043 0.6029648476582637 0.3647876620320264 0.37347173314329746 0.35059328588376165 0.4249630760924904 0.3042572504396755 0.4398989781263089 0.24490861438335643 0.2687841188563224 0.3792866275663121 0.28830159258581434 0.1965387122686 0.07042864428233242 0.37812792102829423 0.08477532201390231 0.17746512462372754 0.1839429342981405 0.2416662992605475 0.22965738533237298 0.08510506372696554 0.06072037458054509 0.2661756223688942 0.03976645853461666 0.0 0.0 0.0 0.0 0.0 0.00728301376307919 0.0 0.0 0.0 0.06466120032030881 0.0 0.0 0.0 0.0 0.0 0.008425098739328311 0.0 0.005589308793510581 0.0 0.11670615968925431 0.0 0.0 0.0 0.0 0.0 0.0 0.0 0.0 0.0 0.0 0.009095548928679075 0.0 0.017783817613430803 0.05084197618933013 0.023116446036496603 0.0 0.0 0.0 0.0 0.0 0.0 0.0 0.0 0.0 0.0 0.0 0.12445972733898271 0.0 0.15842938743115612 0.17702727110047456 0.0 0.0 0.0 0.0 0.0 0.0 0.0 0.0 0.0 0.0 0.0 0.0 0.0 0.0 0.0 0.0 0.0 0.0 0.0 0.0 0.0 0.0 0.007042524324491023 0.0 0.0 0.012431203171094175 0.026916054746893448 0.0 0.0 0.0 0.0 0.0 0.0016264076519183833 0.0 0.0 0.0 0.0 0.0 0.0 0.0 0.0 0.0 0.0 0.0 0.06269600927914089 0.0 0.0 0.0 0.0 0.0 0.002668275733066818 0.0 0.0 0.00403565479407723 0.0 0.0 0.0 0.0 0.0 0.0 0.0 0.0 0.0 0.0 0.0 0.0 0.0 0.0 0.0 0.0 0.0 0.0 0.0 0.0 0.0 0.0 0.0 0.0 0.013936906593485163 0.0 0.0 0.0 0.0 0.0 0.0 0.0 0.00848162015661172 0.0 0.0 0.0 0.0 0.0 0.0 0.0 0.0 0.0 0.0 0.0 0.0 0.0 0.0 0.0 0.0 0.023977672526515642 0.0 0.0 0.0 0.0 0.0 0.0 0.0 0.0 0.0 0.0 0.0 0.0 0.0 0.0 0.0 0.0 0.0 0.0 0.0 0.0 0.005649199618004311 0.0 0.0 0.0 0.0 0.0 0.0 0.00836513382973547 0.0 0.01728752099928838 0.0 0.0 0.0073207215395530755 0.0 0.05228481196579416 0.02667899495759091 0.023204879624672627 0.05584885038221501 0.11796075199317592 0.11022602508575124 0.04188380373276597 0.0 0.0 0.0 0.0 0.0 0.0 0.0 0.0 -1.0 -1.0 
-1.0 -1.0 -1.0 0.012458420112455905 0.35596067766612954 -2.0 0.5509002111404347 0.5554960011942757 0.4145985029659472 0.3630695266910499 0.2725037626309502 0.31799004967459304 0.24028729241248029 0.26626124584655836 0.3011062173984919 0.3716850230536147 0.2697679212282148 0.31016875127443333 0.29564247197195354 0.28103584638662 0.32552739572605105 0.16870746918976437 0.1954948444848863 0.18927756693614556 0.22942817309728805 0.16426176542638296 0.23749173652187427 0.12765775075031244 0.14511060564082762 0.20476846798763138 0.15564765837116196 0.10610690724778307 0.03802286857481599 0.20414290793517292 0.045768322820476735 0.09580949880465121 0.09930672508825669 0.13047029414494982 0.1239869469121563 0.04594634308406687 0.04466644227691843 0.14370233603504404 0.021469032124006186 0.0 0.0 0.0 0.0 0.0 0.02159912877826015 0.0 0.0 0.0 0.0 0.004843859099411235 0.0 0.0 0.0 0.0 0.0 0.0 0.0 0.0 0.05948405460302832 0.0 0.0 0.004153472399674203 0.0 0.0 0.0 0.0 0.0 0.015143624758242104 0.0 0.0 0.0 0.0 0.013484286883048955 0.0 0.0 0.007186071382759533 0.03658691604799173 0.007957570320645141 0.014087553509010921 0.0 0.0 0.0 0.0 0.0 0.0 0.06719305623003041 0.032415194642879626 0.09296043024294846 0.09557311136401087 0.0 0.0 0.0 0.0 0.0 0.0 0.0 0.0 0.0 0.0 0.0 0.0 0.0 0.0 0.0 0.006143669438070854 0.0 0.0 0.0 0.0 0.0 0.0 0.0 0.0 0.0 0.0 0.0 0.0 0.022875414667080027 0.0 0.0 0.0 0.0047602823477712495 0.0 0.0 0.0 0.0 0.0 0.0 0.0 0.0 0.0 0.0 0.0 0.0 0.03054052683492698 0.02395620576096485 0.0 0.0 0.0 0.0 0.0 0.0 0.0 0.0 0.0 0.014632772026765627 0.0 0.0 0.0 0.0 0.0 0.0 0.0 0.0 0.0 0.0 0.0 0.0 0.0 0.0 0.0 0.0 0.0 0.0 0.0 0.0 0.0 0.0 0.0 0.0 0.0 0.0 0.0 0.0 0.0 0.0 0.0 0.0 0.0 0.0 0.0 0.0 0.0 0.0 0.0 0.0 0.0 0.0 0.0 0.0 0.0 0.0 0.0 0.013034719193787703 0.0 0.0 0.0 0.0 0.0 0.0 0.0 0.0 0.0 0.0 0.0070659105640643325 0.0 0.022991003334394584 0.0 0.0 0.0 0.021698997608654305 0.0 0.0 0.0 0.0 0.0 0.0 0.013211715347463094 0.0 0.0 0.0 0.0 0.0 0.0 0.0 0.0 0.0 0.0 0.0 0.0 0.0 0.0 0.0 0.0 0.0 0.0 0.0 0.0 0.0 0.0 0.0 0.0 -1.0 -1.0 
-1.0 -1.0 -1.0 0.018072894841774264 0.4032066944360458 0.5509002111404347 -2.0 0.5659383685101168 0.543137607876183 0.32837979517194815 0.31348585002981766 0.3502034370578973 0.272180190025081 0.30160161930838325 0.34107150089555954 0.4210181037395344 0.3055737293694393 0.35462394163381095 0.33488256242314524 0.2994908560578513 0.37563369472418007 0.19109970636273055 0.23180143000092898 0.2144000359691485 0.25987975944866765 0.18780471751550654 0.2690135850586197 0.14911109769890907 0.16437087380457596 0.2362871365147239 0.3287240789659318 0.12393855696313485 0.04306957513269884 0.23123842678574397 0.05184306950790539 0.1085261202498085 0.133214441695577 0.1766417703669355 0.23734569471907546 0.09269009920531496 0.09708625216819451 0.16277568712174992 0.0265937861417527 0.02371138151189594 0.008757717407995113 0.0 0.05382402311174435 0.0028352940703071025 0.02860625354597836 0.08422953823943445 0.0017492777098901218 0.0 0.0 0.00480030700581041 0.0 0.00707206137423217 0.0 0.0 0.0 0.0 0.002982208631038343 0.026752742379130192 0.08366433798462822 0.022419241414939825 9.210238348587735E-4 0.00940951055427962 0.0 0.0 0.0737559992359413 0.02434115337246333 0.004634814511923244 0.005002488479291882 0.0 0.0 0.0 0.0 0.0 0.0 0.0 0.0 0.015314069294864546 0.0 0.0 0.003915648304659488 0.0 0.014490468805328852 0.007274643600134973 0.0 0.0 0.07967190419416925 0.029404794530777698 0.10897099438410034 0.1116345185641058 0.055523534611687436 0.004779958426374221 0.0019757470217643615 0.0 0.0 0.12443575714275391 0.06850549983935043 0.13692463901184787 0.12039462901284449 0.1047765823354286 0.07518033409822075 0.0 0.0 0.03329357591245829 0.0 0.05646649469501937 0.001900599735516059 0.002014453557879948 0.0 0.0 0.0 0.0 0.005010107117163663 0.025314879858714858 0.012542728818927455 0.015375216473854484 0.00574448782453259 0.0 0.0 0.0 0.0 0.00994873099805787 0.015590569639138005 0.0011366971825185043 0.0 0.0 0.004008711098961839 0.0 0.0 0.0 0.002876918745286327 0.0 0.0 0.013666637006137338 0.0 0.015132965463906693 0.009546386535241841 0.06772331038754457 0.0 0.014865146196663626 0.019931439290906922 0.0 0.00406771128232641 0.017225979101761858 0.0 0.0 0.03314990677078267 0.008881153385916784 0.0 0.0 0.0 0.0 0.0 0.005177686626960715 0.0 0.0 0.0 0.0 0.0 0.0016800249301842543 0.0 0.0 0.0 0.0 0.0 0.005581982398370181 0.0 0.0 0.0 0.0 0.0 0.0 0.0016358461084816664 0.002336331977176026 0.0 0.0038087664730624246 0.0 0.0 0.005191759006535283 0.008571306678914155 0.0 0.012484159738687946 0.0073130688483422366 0.0 0.0013166934747057316 0.0 0.014346466174597101 0.012431971167878114 0.0022852507663257584 0.0 0.02215795770884697 0.0 0.01774874498848201 0.0 0.0 0.0 0.0 0.009482859524256582 0.0 0.0 0.002069413817006939 0.0 0.0037898738903718154 0.00985217058738785 0.005306029269412478 0.008622669818137241 0.0012609865953801393 0.0 0.0 0.0 0.0025841824555805706 0.002206642843687901 0.0 0.0040169369906517625 0.019313607227615527 0.0 0.00838016055073067 0.003978519857653352 0.02993056484782307 0.0 0.0 0.0 0.0 0.0 0.0034096884700902078 0.003886889013163662 0.0 0.0 0.005889546270092108 0.007012171638012022 0.007411693651256286 0.008277356417626051 0.0 0.0 0.0 0.008058730872281183 0.0 7.566655914765976E-4 0.004165721842164611 0.02684026996753826 0.0 0.0 0.0 -1.0 -1.0 
-1.0 -1.0 -1.0 0.010446748860646027 0.2984834168600194 0.5554960011942757 0.5659383685101168 -2.0 0.6564069831520795 0.27610402315259075 0.22850235793063609 0.2577393796655134 0.2014879074215905 0.22326782542039353 0.2524863510098029 0.3116687393791148 0.22620827506949057 0.2600855501529111 0.24790484101139762 0.2183012942414291 0.27296422176437724 0.1414661366073662 0.16392813257619915 0.1587147639016519 0.19238221895470506 0.1377382842548483 0.19914375221961092 0.10704474966854917 0.12167947785211886 0.17170433653198827 0.18542072549597086 0.08897373843487609 0.03188328498934767 0.17117978617116428 0.038378074423775534 0.08033906092762605 0.09816723186024537 0.13343332226605595 0.15507576735125383 0.03852734961027956 0.14942924510652114 0.15578829066316766 0.11290301066726884 0.039627040026933985 0.0 0.0 0.11206272036088505 0.0 0.0 0.0 0.0 0.0 0.0 0.0 0.0 0.0 0.0 0.0 0.0 0.0 0.0 0.012001483089846101 0.04987911581417154 0.013072915211364819 0.0 0.0 0.0 0.0 0.12851519026324162 0.01730705832979852 0.0 0.0 0.0 0.0 0.0 0.0 0.0 0.0 0.0 0.0 0.0 0.0 0.0 0.0 0.0 0.0 0.0 0.0 0.0 0.056343338663992173 0.011861813143815379 0.07172151844789199 0.08014084315973174 0.08363300106679421 0.0 0.0 0.0 0.0 0.23262272871010947 0.14262985610982115 0.28507990753949725 0.23437529862331857 0.1949236526595901 0.15127044498096828 0.0 0.0 0.06931790809367461 0.0 0.10903906271692215 0.0 0.0 0.0 0.0 0.0 0.0 0.0 0.0 0.0 0.0 0.0 0.0 0.0 0.0 0.0 0.0 0.021919468288261443 0.0 0.0 0.0 0.0 0.0 0.0 0.0 0.0 0.0 0.0 0.0 0.0 0.0 0.0 0.0 0.0 0.0 0.0 0.0 0.0 0.0 0.0 0.0 0.0 0.0 0.0 0.0 0.0 0.0 0.0 0.0 0.0 0.0 0.0 0.0 0.0 0.0 0.0 0.0 0.0 0.0 0.0 0.0 0.0 0.0 0.0 0.0 0.0 0.0 0.0 0.0 0.0 0.0 0.0 0.0 0.0 0.0 0.0 0.0 0.0 0.0 0.0 0.0 0.0 0.0 0.0 0.0 0.01699760456360896 0.0 0.014781300478201732 0.0 0.0 0.0 0.0 0.00789740323113414 0.0 0.0 0.0 0.0 0.0 0.0 0.0 0.0 0.0 0.0 0.0 0.0 0.0 0.0 0.0 0.0 0.0 0.0 0.0 0.0 0.038005600213191576 0.0 0.0 0.0 0.0 0.0 0.0 0.0 0.0 0.0 0.0 0.0 0.0 0.0 0.0 0.0 0.0 0.0 0.0 0.0 0.0 0.0 0.0 0.0 0.0 -1.0 -1.0 
-1.0 -1.0 -1.0 0.02619307596322169 0.20926961692251472 0.4145985029659472 0.543137607876183 0.6564069831520795 -2.0 0.2259131350093524 0.16224911137388737 0.1860950917027359 0.14126512502505204 0.15653523665859317 0.1770206281803739 0.22188828913350553 0.1585968144109514 0.18514017621401674 0.17380848710942598 0.16523056602006927 0.19723768472939715 0.09918327968355907 0.1237293658524357 0.11127645947990004 0.14217100157070828 0.09730886580398791 0.13962161508977394 0.07888005967221283 0.08531066142741983 0.12406961460612316 0.15178993001586505 0.06556373683654769 0.02235368016803839 0.12001580742328952 0.026907239998039015 0.056326494386532346 0.11154932855575216 0.08292204895844915 0.07873553420557727 0.02701189827830248 0.05299515881738578 0.08448273840272448 0.03821800810664052 0.022145648101847475 0.007437880431772736 0.0 0.10285299429363455 0.0012039997011439444 0.012042699984713082 0.0 7.428258895548519E-4 0.0 0.0 0.0040768739023736645 0.0 0.006006262186500391 0.0 0.0 0.0 0.0 0.002532773117343801 0.010481891069233041 0.05191247019124206 0.01481181311924871 3.911101968327052E-4 0.0 0.0 0.0 0.11849984704202784 0.0030231380369196807 0.00393632205255434 0.004248585497440886 0.0 0.0 0.0 0.0 0.0 0.0 0.0 0.0 0.01759771595004939 0.0 0.0 0.0033255382134553505 0.0 0.011896451671312166 0.006178314138358513 0.0 0.0 0.041014789746511966 0.024810763239821402 0.06054913240788756 0.05905487667722963 0.0898001240675576 0.004059591967623791 0.0016779908995349269 0.0 0.0 0.2242964474156858 0.13090801052591447 0.2616509933808839 0.22175797170982717 0.18837733823065944 0.1409827285736073 0.0 0.0 0.06362110773900091 0.0 0.10846632153814427 8.070843647296653E-4 8.55432072128274E-4 0.0 0.0 0.0 0.0 0.003723173968492077 0.02020979877704259 0.010652469461753215 0.01582402302456838 0.004878761392967697 0.0 0.0 0.0 0.0 0.00844940161506828 0.026107212275851586 4.826952810207816E-4 0.0 0.0 0.0034045759243588373 0.004622358928386781 0.0 0.0 0.002443351006031603 0.0 0.0 0.011606998401580162 0.0 0.01213832390929463 0.008107692712234823 0.006643077965195076 0.0 0.012624885556442813 0.024006493263126222 0.0 0.003454684450230855 0.01462992774374664 0.0 0.0 0.0 0.0070039486378764065 0.0 0.0 0.0 0.0 0.0 0.0043973803047544025 0.0 0.0 0.0 0.0 0.0 7.13417890242731E-4 0.0 0.0 0.0 0.0 0.0 0.0047407464430668424 0.0 0.0 0.0 0.0 0.0 0.0 0.0013893149542093738 0.001984233686199819 0.0 0.0032347640714372405 0.0 0.0 0.0036744432483757626 0.00727956284175345 0.0 0.010602727069355094 0.0051757904056935235 0.0 5.591302033344894E-4 0.0 0.012184373513549295 0.010558403607943304 9.704253497053172E-4 0.0 7.422709266006737E-4 0.0 0.0 0.0 0.0 0.0 0.0 0.0 0.0 0.0 0.001757541585060086 0.0 0.002414039029937377 0.00836739339813828 0.003755317494539867 0.007323185268733457 5.354744327524947E-4 0.0 0.0 0.0 0.0021947317118209382 9.370447150985957E-4 0.0 0.003411562128181595 0.01853990367460841 0.0 0.007117223503751158 0.0033789346719093898 0.0 0.0 0.0 0.0 0.0 0.0 0.0028958293546869403 0.00330111310797602 0.00702675725977374 0.0 0.005001958719785474 0.0059553981683614626 0.00629470998055343 0.0049209387697854955 0.0 0.0 0.0 0.006844235074900065 0.0 3.2131592822929033E-4 0.0035379242707418634 0.005265602197556876 0.0 0.0 0.0 -1.0 -1.0 
-1.0 -1.0 -1.0 0.0371945076212185 0.42209296482750597 0.3630695266910499 0.32837979517194815 0.27610402315259075 0.2259131350093524 -2.0 0.3313759657707747 0.44080408817279676 0.28492915658478185 0.38424632489197175 0.35704734821561546 0.48261305987229597 0.35398042979832567 0.3706089477247608 0.40661396343921236 0.3209862014530202 0.3919152016767449 0.4260462522959461 0.2727994313033684 0.22444257025027112 0.27940443232070633 0.19776118314489116 0.2816142273011781 0.1552371608912419 0.17207003359034237 0.2465287913768921 0.19453995082932635 0.12903043438634193 0.045086961383537676 0.2420696741668911 0.05427140773284244 0.11360950224682817 0.13550918036242615 0.1609810062900347 0.22146290199076513 0.05448250155744916 0.07289526230573172 0.1704001280910074 0.0434611597724471 0.0 0.007501033952391385 0.0 0.0 0.004856890464853741 0.10709713205187261 0.0 0.0029965322886688368 0.0 0.0 0.004111489804365495 0.0 0.006057260129572429 0.0 0.0 0.0 0.0 0.002554278375562964 0.010570890661231793 0.08964565606609112 0.01666476819485888 0.001577724133900538 0.0 0.0 0.0 0.018162704801105576 0.00304880688332007 0.003969744557552635 0.004284659367446455 0.0 0.0 0.0 0.045262491673742265 0.0 0.11766966677202544 0.0 0.0 0.017747134554890787 0.0 0.0 0.003353774677869918 0.0 0.04088735864111416 0.0274094527362284 0.011007437677943793 0.0 0.08577560850749189 0.02348003722630532 0.14924044575549733 0.13715272182992674 0.013151113573568617 0.004094061132244328 0.001692238376869868 0.0 0.0 0.010883137681262974 0.0 0.0 0.006700913257854062 0.009553662713835643 0.002162450856059631 0.0 0.0 0.0 0.0 0.008459714543138281 0.0032557486116181387 0.003450781483170129 0.0 0.0 0.0 0.0 0.05104822679400041 0.0242842165614165 0.07057382294035716 0.0159583815657575 0.004920185957539627 0.0 0.0 0.0 0.0 0.0085211437550512 0.0029730315848489706 0.0019471749914823668 0.0 0.0 0.0034334834818019874 0.004661606432103523 0.0 0.0 0.0024640969994034327 0.0 0.0 0.011705551049689903 0.0 0.014401632863008338 0.008176533471852918 0.006699482980722634 0.0 0.012732080876078635 0.02603940490458874 0.0 0.0034840174689127084 0.014754147466272328 0.0 0.0 0.0 0.008693437209151016 0.0 0.0 0.0 0.0 0.0 0.004434717561018707 0.01889747383305028 0.0 0.0 0.0 0.0 0.0028779015022045553 0.0 0.0 0.0 0.0 0.0 0.004780999150943281 0.0 0.0 0.0 0.0 0.0 0.0 0.021091700976859508 0.002001081408365174 0.0 0.003262229791188437 0.0 0.0 0.005929027510464084 0.007341372120114202 0.0 0.010692752655102356 0.020687659304311354 0.0 0.002255510653870459 0.0 0.012287828535577644 0.010648052852250308 0.003914660131026578 0.0 0.0029942935885446304 0.0 0.0 0.0 0.0 0.0 0.0 0.0 0.0 0.0 0.0017724645109861447 0.0 0.004869072282637499 0.008438439223133847 0.006059525003004477 0.00738536493619457 0.0021600841463146063 0.0 0.0 0.0 0.002213366729644404 0.0037800038800506735 0.0 0.0034405290040517103 0.018747840985970925 0.0 0.007177654392014921 0.003407624514725355 0.0 0.0 0.0 0.0 0.0 0.0 0.002920417249119619 0.0033291421838184472 0.0070864200176733875 0.0 0.005044429327647655 0.006005964235464566 0.006348157074815277 0.0113433633230459 0.0 0.0 0.0 0.006902348074280262 0.0 0.001296176624080318 0.003567964061705036 0.005310311348235407 0.0 0.0 0.0 -1.0 -1.0 
-1.0 -1.0 -1.0 0.05114928024002182 0.5047507272148318 0.2725037626309502 0.31348585002981766 0.22850235793063609 0.16224911137388737 0.3313759657707747 -2.0 0.43967336576819543 0.34072635882393965 0.42172701070368596 0.42696733582282875 0.5390196492171626 0.3825297651188603 0.44599027282872516 0.4192197680424667 0.45696958144808403 0.47455233639553274 0.2392264738859107 0.37124313242179 0.26839478501634545 0.3421087899755531 0.2652109763389693 0.3367622724591064 0.26713489346289554 0.25715720094949335 0.29851052839018494 0.2434761822206407 0.22203788799909194 0.05391626594759266 0.28947377533839774 0.06489928713054863 0.13585746187699713 0.14081651387526414 0.18500632227519404 0.18568223547372362 0.06515171910729181 0.060877754746424144 0.2037693014063513 0.038987594012401074 0.0 0.01644490638955155 0.0 0.0 0.028259381290932133 0.050837469731702986 0.019018583613604746 0.03554438887031534 0.0 0.014253921943663725 0.015639833462305377 0.0 0.013279646038160474 0.0 0.0 0.03722962295904467 0.036387067446166384 0.005599877169679691 0.03339662363183835 0.17804591965802197 0.037414514333643074 0.007272873046336078 0.1873178890400635 0.016589220844407976 0.06318828414261775 0.016987664411154676 0.036164461788383895 0.008703077209585538 0.009393481306174954 0.0 0.03014420373848889 0.012581081919005808 0.026194938283228993 0.009222697609202838 0.034049712520460566 0.0 0.014466782270371823 0.039325396394332655 0.0 0.0 0.007352654444609756 0.0 0.039759040633795394 0.013660047184481688 0.0 0.0 0.10865076564674217 0.04382979907758864 0.14397918207818042 0.14186189139451783 0.028831869447377798 0.008975622894147174 0.00370998210020895 0.0 0.02946388400465066 0.023859668084279643 0.0 0.0 0.014690760227099583 0.020944991051038846 0.018130161487856733 0.0 0.0 0.0 0.0 0.007688950486964536 0.007137746807412278 0.0075653275030756265 0.0 0.0 0.022332315317766332 0.0 0.016125994011281633 0.05323954945821508 0.023552255877597683 0.04280333600881069 0.010786779263294745 0.0 0.0 0.0 0.0 0.04506164953153547 0.04866040996065818 0.02838164984828828 0.04589117180635377 0.04998655168357265 0.05004579781820198 0.06813254624844899 0.05140479790646113 0.06170544303018881 0.08168726336930074 0.0780972777533841 0.0 0.02566268763373587 0.0 0.03157344784626086 0.017925839076196767 0.0 0.008807585330358527 0.02791320229720616 0.06644456780978178 0.0 0.0076381924811266795 0.03234628392304972 0.0 0.0 0.0 0.01905907399104028 0.0 0.0 0.0 0.0 0.0 0.009722461679006646 0.0 0.0 0.0 0.0 0.0 0.006309372961445609 0.0 0.0 0.0 0.0 0.0 0.010481632796865564 0.0 0.0 0.0 0.0 0.0 0.0 0.003071729181068845 0.0043870747216050235 0.0 0.007151955834061658 0.0 0.0 0.01299851500599771 0.016094871460707438 0.0 0.023442277101509115 0.018309600858863545 0.0 0.004944873173345764 0.0 0.026939244813578338 0.023344279401698816 0.008582312759845334 0.0 0.0065645453785411105 0.0 0.010597701029663547 0.0 0.0 0.0 0.0 0.0 0.0 0.0 0.003885866021533846 0.0 0.010674720098608056 0.01850002865993101 0.01328461143783879 0.016191319196692394 0.004735664683716472 0.0 0.0 0.0 0.004852478859017286 0.008287098865851331 0.0 0.007542850460519451 0.10628584326593805 0.0 0.01573594458076119 0.00747071223928191 0.0 0.0 0.00989796498260567 0.0 0.0 0.0 0.006402582441970248 0.02084819607423629 0.0 0.0 0.011059164457644858 0.013167187384843328 0.013917394522421108 0.0248686446660719 0.0 0.0 0.011128856891341096 0.015132376239072076 0.0 0.002841675345374251 0.007822232957273505 0.010203506955938477 0.0 0.0 0.0 -1.0 -1.0 
-1.0 -1.0 -1.0 0.0386210439637318 0.5693339031431734 0.31799004967459304 0.3502034370578973 0.2577393796655134 0.1860950917027359 0.44080408817279676 0.43967336576819543 -2.0 0.39721270977471457 0.4682893509372709 0.4815980774509922 0.6135325131958895 0.4420132913664992 0.5106738496359539 0.49018330414941674 0.427781032349512 0.5261381179258984 0.3672256362610198 0.3452276929653943 0.31842476914359447 0.39018189273848713 0.264107697921609 0.3798512189738833 0.20776129437884097 0.232094140393933 0.33095984476909596 0.2581976872464756 0.17268758271836526 0.0608148863979414 0.32651212863107953 0.07320319211252649 0.1532405103571743 0.1716089879829314 0.22708133899552418 0.2350344105546968 0.07348792292092049 0.05450131227886109 0.22984171286009547 0.042685736285840964 0.0 0.006955890975073256 0.0 0.0 0.0022519562480199746 0.02197423888194687 0.0 0.001389378586709509 0.0 0.0 0.003812684358690851 0.0 0.00561704444165746 0.0 0.0 0.0 0.0 0.002368644377984565 0.00980264366427864 0.11161027990316014 0.014385866869346042 0.009375859694115593 0.0 0.0 0.0 0.0010221850174562085 0.0028272326747256346 0.003681240548501088 0.003973268700614568 0.0 0.0 0.0 0.013991002633369788 0.0 0.03637264668374889 0.0 0.0 0.01645734892913259 0.0 0.0 0.003110036717909707 0.0 0.03584169775657003 0.005777947084574566 0.0 0.0 0.11029844209248858 0.017481597018845437 0.14640254012093487 0.15554396977930005 0.012195347041374953 0.0037965223277115776 0.001569253749289995 0.0 0.0 0.010092197910055117 0.0 0.0 0.006213919621067162 0.008859343481424599 0.0020052932021337134 0.0 0.0 0.0 0.0 0.007844898772062134 0.0015095673828700625 0.0015999967423211427 0.0 0.0 0.0 0.0 0.003979319868053051 0.020106557010339737 0.028456385546687724 0.014798594835667806 0.004562607943778351 0.0 0.0 0.0 0.0 0.007901863572310064 0.0027569643999632515 9.028313320607288E-4 0.0 0.0 0.003183952627826126 0.00432282086925827 0.0 0.0 0.0022850169974755375 0.0 0.0 0.010854841802021063 0.009234243134035505 0.012019485556862877 0.007582298086534312 0.006212593290343491 0.051982818111523214 0.01180676784319629 0.02689361905375331 0.0 0.003230814021483179 0.013681879305828896 0.0 0.0 0.0 0.00705393104245895 0.0 0.0 0.0 0.0 0.0 0.004112421308245715 0.0 0.0 0.0 0.0 0.0 0.0013343739818663552 0.0 0.0 0.0 0.0 0.0 0.0044335366373427715 0.0 0.0 0.0 0.0 0.0 0.0 0.0012992845798162434 0.0018556513938183974 0.0 0.0030251449209756577 0.0 0.0 0.013550187078435472 0.006807832680010287 0.0 0.009915649251074904 0.0058084666623101815 0.0 0.0010457949064766802 0.0 0.011394801857498964 0.009874198038186182 0.0018150797109247685 0.0 0.0013883405862092648 0.0 0.0 0.0 0.0 0.0 0.0 0.0 0.0 0.0 0.0016436493920515527 0.0 0.0030101393277016083 0.007825169651070291 0.004214358535351522 0.0068486282868937785 0.0010015492473513206 0.0 0.0 0.0 0.0020525087283937136 0.001752644704841249 0.0 0.0031904861117354882 0.015339995566428698 0.0 0.006656013254238693 0.0031599729795730044 0.0 0.0 0.0 0.0 0.0 0.0 0.0027081738485029965 0.003087194407882361 0.006571409402939444 0.0 0.004677821838600357 0.005569476513136161 0.00588680024451528 0.006574360203752064 0.0 0.0 0.0 0.006400715018946657 0.0 6.009880330342203E-4 0.0033086597359404694 0.004924380694243314 0.0 0.0 0.0 -1.0 -1.0 
-1.0 -1.0 -1.0 0.015577444071349904 0.4450771043111722 0.24028729241248029 0.272180190025081 0.2014879074215905 0.14126512502505204 0.28492915658478185 0.34072635882393965 0.39721270977471457 -2.0 0.33292099865823893 0.37648957241145 0.4766141823334915 0.3373055866831297 0.38782095418561646 0.36965795266883905 0.3255152628928872 0.40702470737400215 0.2109441760673202 0.24443789651593686 0.2366640943470135 0.28686659324016583 0.20538546949724512 0.32332969531350003 0.15961746791626796 0.18143972695781127 0.25603321519589833 0.19461478030342294 0.13267126957644587 0.11998521908436474 0.2552510432477314 0.05722663728947895 0.11979585659030344 0.12416862989108918 0.1631341447527157 0.15502766110532223 0.05744922576174198 0.04098861283749904 0.17967889044535953 0.02684390509863731 0.0 0.0 0.0 0.0 0.0 0.0 0.0 0.0 0.0 0.0 0.0 0.0 0.0 0.0 0.0 0.11485123320562433 0.0 0.0 0.0 0.08382050980474424 0.0 0.0 0.0 0.0 0.0 0.0 0.0 0.0 0.0 0.0 0.0 0.0 0.0 0.0 0.0 0.0 0.009089898677859214 0.0 0.0 0.0 0.0 0.0 0.0 0.0 0.0 0.0 0.08401515328254848 0.00550665285028689 0.10694599413058331 0.11950028844422184 0.0 0.0 0.0 0.0 0.0 0.0 0.0 0.0 0.0 0.0 0.0 0.0 0.0 0.0 0.0 0.0 0.0 0.0 0.0 0.0 0.0 0.0 0.010667103517107472 0.0 0.0 0.0 0.0 0.0 0.0 0.0 0.0 0.0 0.0 0.0 0.0 0.0 0.0 0.0 0.0 0.0 0.0 0.0 0.0 0.0 0.0 0.0 0.0 0.0 0.0 0.0 0.012124675249396442 0.0 0.034642530637824985 0.0 0.0 0.0 0.0 0.0 0.0 0.0 0.0 0.004672522908620502 0.0 0.0 0.0 0.0 0.0 0.0 0.0 0.0 0.0 0.0 0.0 0.0 0.0 0.0 0.0 0.0 0.031196721217009053 0.0 0.0 0.0 0.011622774687479211 0.0 0.0 0.0 0.0 0.0 0.0 0.0 0.0 0.0 0.0 0.0 0.0 0.0 0.0 0.0 0.0 0.0 0.0 0.12318536534591909 0.0 0.14737616275222823 0.10412449598600297 0.0 0.0 0.0 0.0 0.0 0.0 0.0 0.0 0.0 0.0 0.0 0.0 0.0 0.0 0.0 0.0 0.0 0.0 0.0 0.0 0.0 0.0 0.0 0.0 0.0 0.0 0.038011263171332334 0.0 0.0 0.0 0.0 0.0 0.0 0.0 0.0 0.0 0.0 0.0 0.0 0.0 0.0 0.0 0.0 0.0 0.0 0.0 0.0 0.0 -1.0 -1.0 
-1.0 -1.0 -1.0 0.02151416613300631 0.49318789646287675 0.26626124584655836 0.30160161930838325 0.22326782542039353 0.15653523665859317 0.38424632489197175 0.42172701070368596 0.4682893509372709 0.33292099865823893 -2.0 0.41718636716930313 0.5259165580779182 0.38040612277697217 0.4297426193042406 0.42053051730094065 0.3818008798772073 0.4510222100704971 0.370825474458272 0.3492596456467697 0.31068312282432586 0.31787555530305384 0.22758669606731333 0.32904772159243456 0.1768713835823769 0.20105252866604367 0.2837092306118935 0.21565174480717664 0.1642111227257544 0.05268115201052235 0.2828425094661591 0.06341257412043805 0.13274523884615186 0.1375906888705049 0.1807681970439267 0.24793420119750365 0.06365922338491142 0.045419293754828144 0.19910135380852062 0.046227587052307985 0.0 0.0 0.0 0.018074030718519245 0.0 0.02073559430347986 0.0 0.0 0.0 0.0 0.014626221865218928 0.029216403360248524 0.01436540601517937 0.16408242291844966 0.0 0.0 0.10184776959041023 0.0648108154332435 0.0 0.08241588917938479 0.0 0.011867015317013143 0.0 0.0 0.0 0.0 0.0 0.0 0.0 0.0 0.0 0.0 0.008814374603615258 0.0 0.022914879054546262 0.0 0.0328594817662497 0.0 0.0 0.0 0.0 0.0 0.025274828212482562 0.0 0.11565709915362082 0.0 0.09309680573785954 0.020767609706855164 0.11850636523310724 0.13241772114008377 0.0 0.0 0.0 0.0 0.0 0.0 0.0 0.0 0.0 0.0 0.0 0.0 0.0 0.0 0.0 0.0 0.0 0.0 0.0 0.0 0.0 0.0 0.0 0.0 0.011651413671783998 0.0 0.0 0.0 0.0 0.0 0.0 0.010104377815755234 0.0 0.013853768240207039 0.0 0.0 0.0 0.0 0.0 0.0 0.0 0.0 0.0 0.0 0.005995619160446699 0.0 0.0 0.0 0.0437933671073175 0.0 0.04425091054385277 0.0 0.0 0.0 0.0 0.0 0.0 0.0 0.0 0.0 0.0 0.011889938786703325 0.008420560242628505 0.0 0.0 0.0 0.0 0.0 0.0 0.0 0.0 0.0 0.0 0.0 0.0 0.0 0.0 0.0 0.0 0.0 0.0 0.0 0.0 0.0 0.0 0.0 0.0 0.0 0.01187755958531202 0.0 0.0 0.0 0.0 0.0 0.0 0.0 0.041571255240553905 0.0 0.0 0.0 0.021303811727396475 0.0 0.0 0.0 0.0 0.0 0.0 0.0 0.0 0.01478088872799197 0.0 0.0 0.0 0.004002522691172233 0.0 0.0 0.007684287563596472 0.0 0.0 0.0 0.0 0.0 0.011720213572140719 0.0 0.0 0.0 0.0 0.0 0.0 0.0 0.0 0.01437684050292969 0.0 0.0 0.06589866152650876 0.0 0.0 0.0 0.0 0.0 0.0 0.0 0.0 0.0 0.0 0.03893754390937323 0.0 0.0 0.08051043258011416 0.0 0.0 0.0 0.0 -1.0 -1.0 
-1.0 -1.0 -1.0 0.03626689345385304 0.5577302152947745 0.3011062173984919 0.34107150089555954 0.2524863510098029 0.1770206281803739 0.35704734821561546 0.42696733582282875 0.4815980774509922 0.37648957241145 0.41718636716930313 -2.0 0.6664834559629514 0.42268073477305995 0.5660802800291652 0.4632217823167902 0.4079061715294526 0.5100464065104605 0.264336088272362 0.30630737759703075 0.2965659545596836 0.35947516791800077 0.2573704219146495 0.3721094088524889 0.20001811794728225 0.22736379157454004 0.32083757814238395 0.24387357216714212 0.16625158883160468 0.05957540820350811 0.3198574312760925 0.07171122582334076 0.15011729033093452 0.15559685279518878 0.20442489805373065 0.19426658879416617 0.07199015348633418 0.0513632079499414 0.3000629009353723 0.03363834451378151 0.022777721879805493 0.0 0.0 0.0 0.030395229592406398 0.01631276913310234 0.0 0.0 0.0 0.0 0.025730388089839403 0.0 0.09837728944328047 0.014929598172119777 0.0 0.0 0.017596385777774528 0.0 0.03130889856574571 0.0932014592113748 0.0 0.015054484007519943 0.010810822363126147 0.0 0.0 0.0 0.0 0.0 0.0 0.0 0.06155527139561833 0.25934250318770513 0.033907125876631264 0.0 0.04407446492185619 0.15240093594641252 0.0 0.0 0.0 0.0 0.0 0.0 0.0 0.0 0.0 0.0 0.25984638143603 0.0 0.13401500943005634 0.1497469111670737 0.0 0.0 0.0 0.0 0.0 0.0 0.0 0.0 0.0 0.0 0.0 0.0 0.0 0.0 0.0 0.0 0.0 0.0 0.0 0.0 0.0 0.0 0.0 0.0 0.0 0.0 0.0 0.0 0.0 0.0 0.0 0.0 0.0046514317267849666 0.0 0.0 0.0 0.0 0.0 0.0 0.0 0.0 0.0 0.0 0.0 0.0 0.09267492546712928 0.0 0.0 0.0 0.0 0.0 0.0 0.0 0.0 0.0 0.0 0.0 0.012703444017606284 0.012723074551396513 0.0 0.0 0.0 0.0 0.0 0.0 0.0 0.0 0.0 0.0 0.0 0.0 0.0 0.06412082178859066 0.0 0.0 0.0 0.061355868517374026 0.0 0.0 0.0 0.0 0.0 0.0 0.0 0.0 0.0 0.0 0.012958358232154287 0.0 0.0 0.0 0.1070672437119288 0.0 0.0 0.0 0.0 0.014364651232342639 0.0 0.0 0.0 0.0 0.0 0.0 0.0 0.0 0.0 0.0 0.0 0.0 0.0 0.0 0.0 0.0 0.0 0.0 0.0 0.0 0.0 0.0 0.0 0.0 0.0 0.0 0.0 0.0 0.0 0.0 0.0 0.0 0.0 0.0 0.0 0.030585160767852306 0.0 0.0 0.0 0.0 0.0 0.0 0.0 0.0 0.0 0.0 0.0 0.0 0.0 0.0 0.0 0.0 0.0 0.0 0.0 0.0 -1.0 -1.0 
-1.0 -1.0 -1.0 0.049457428106424964 0.6919767461789512 0.3716850230536147 0.4210181037395344 0.3116687393791148 0.22188828913350553 0.48261305987229597 0.5390196492171626 0.6135325131958895 0.4766141823334915 0.5259165580779182 0.6664834559629514 -2.0 0.5474604142962288 0.6278584014009346 0.5797807806597363 0.5106461497635671 0.638737268403229 0.35058450080745684 0.3781053267092548 0.36608053001958824 0.45001675200122515 0.3176976285284243 0.4593312466370116 0.2628325906784895 0.2806574930370848 0.3960413825347839 0.30955965653407097 0.2052206897667486 0.07353978660043546 0.39483149084360253 0.08852022005270253 0.18530453804465027 0.19206850100246153 0.25769970476021115 0.24387571736295463 0.08886452790441585 0.06340266001786383 0.2779337678115294 0.04152311753677172 0.0 0.0 0.0 0.0 0.03079792893475533 0.007246414023065988 0.0 0.0 0.0 0.028355115464255905 0.010694799554518755 0.004570037340282745 0.010504089112511336 0.00747100751121484 0.0 0.10026843925879704 0.0 0.007402846368909458 0.0406968267379274 0.12766793212216965 0.008335214232880325 0.0 0.0028596131723766355 0.0 0.0 0.006817048323369275 0.0 0.0 0.0 0.0 0.04831996599055402 0.0 0.06687163485049609 0.0 0.0787109505572683 0.0 0.015673309411631055 0.0039561908030613015 0.0 0.0 0.0 0.0 0.02092874332991516 0.0 0.012763454388431069 0.0 0.13789009830841975 0.0 0.18143260451329907 0.19378907890507432 0.0 0.0 0.0 0.0 0.006189015095163883 0.0 0.0 0.0 0.0 0.0 0.0 0.0 0.0 0.0 0.0 0.004231293963502263 0.0 0.0 0.0 0.0 0.0 0.0 0.04049608905112805 0.0047699847683677805 0.008519598218513967 0.00781466337968276 0.045541386760197006 0.0 0.0 0.0 0.0 0.00738839437541998 0.0011321688106326103 0.01012997585904968 0.0 0.0 0.0 0.003982725666175026 0.0 0.0 0.0 0.0 0.0 0.0 0.04802775168173735 0.0 0.0 0.005723821434961127 0.0 0.0 0.019101016697025505 0.0 0.0 0.002809284918787073 0.0 0.0 0.0 0.0 0.0 0.0 0.0 0.0 0.006157174748306999 0.0 0.0 0.0 0.0 0.0 0.0 0.02245797594174701 0.0 0.0 0.0 0.008218815489258076 0.0 0.0 0.0 0.021593023429079143 0.009701707283061715 0.0 0.0 0.0 0.004664358219671457 0.0 0.018420685852281533 0.0 0.0 0.0 0.0 0.0 0.0 0.005880854672406381 0.005431028013190689 0.0 0.0 0.0 0.0 0.0 0.0 0.020065865347111432 0.0 0.0 0.0 0.0 0.0 0.0 0.0 0.0 0.0 0.0 0.0 0.0 0.0 0.0 0.0 0.0 0.0 0.0 0.0 0.0 0.0 0.0 0.0 0.0 0.0 0.0 0.0 0.0 0.0 0.0 0.0 0.005823105669493913 0.040569302946100026 0.01203412444934364 0.0 0.0 0.011150481209364127 0.0 0.0 0.0 0.016153294000154444 0.05319241997428078 0.02911084203509542 0.031151822349975596 0.10391068831523809 0.0 0.0 0.0 0.0 0.012289169542556058 0.0 0.0 0.0 -1.0 -1.0 
